mu  I  recN
0	 0.0006	1
0	 0.0006	1
0	 0.0007	1
0	 0.0006	1
0	 0.0006	1
0	 0.0006	1
0	 0.0006	1
0	 0.0006	1
0	 0.0006	1
0	 0.0006	1
0	 0.0006	1
0	 0.0006	1
0	 0.0006	1
0	 0.0006	1
0	 0.0006	1
0	 0.0006	1
0	 0.0006	1
0	 0.0006	1
0	 0.0006	1
0	 0.0006	1
0	 0.0006	1
0	 0.0006	1
0	 0.0006	1
0	 0.0006	1
0	 0.0006	1
0	 0.0006	1
0	 0.0006	1
0	 0.0006	1
0	 0.0006	1
0	 0.0006	1
0	 0.0006	1
0	 0.0006	1
0	 0.0006	1
0	 0.0006	1
0	 0.0006	1
0	 0.0006	1
0	 0.0012	1
0	 0.0006	1
0	 0.0006	1
0	 0.0006	1
0	 0.0000	1
0	 0.0006	1
0	 0.0006	1
0	 0.0006	1
0	 0.0006	1
0	 0.0006	1
0	 0.0006	1
0	 0.0006	1
0	 0.0006	1
0	 0.0006	1
0	 0.0006	1
0	 0.0006	1
0	 0.0006	1
0	 0.0006	1
0	 0.0006	1
0	 0.0006	1
0	 0.0006	1
0	 0.0006	1
0	 0.0006	1
0	 0.0006	1
0	 0.0006	1
0	 0.0006	1
0	 0.0006	1
0	 0.0006	1
0	 0.0006	1
0	 0.0006	1
0	 0.0006	1
0	 0.0006	1
0	 0.0002	1
0	 0.0006	1
0	 0.0006	1
0	 0.0006	1
0	 0.0006	1
0	 0.0006	1
0	 0.0006	1
0	 0.0006	1
0	 0.0006	1
0	 0.0006	1
0	 0.0006	1
0	 0.0006	1
0	 0.0006	1
0	 0.0006	1
0	 0.0006	1
0	 0.0006	1
0	 0.0006	1
0	 0.0006	1
0	 0.0006	1
0	 0.0006	1
0	 0.0006	1
0	 0.0006	1
0	 0.0006	1
0	 0.0006	1
0	 0.0006	1
0	 0.0006	1
0	 0.0006	1
0	 0.0012	1
0	 0.0006	1
0	 0.0006	1
0	 0.0006	1
0	 0.0006	1
0	 0.0006	1
0	 0.0006	1
0	 0.0006	1
0	 0.0006	1
0	 0.0006	1
0	 0.0006	1
0	 0.0007	1
0	 0.0006	1
0	 0.0006	1
0	 0.0006	1
0	 0.0006	1
0	 0.0006	1
0	 0.0006	1
0	 0.0006	1
0	 0.0006	1
0	 0.0006	1
0	 0.0006	1
0	 0.0006	1
0	 0.0006	1
0	 0.0006	1
0	 0.0006	1
0	 0.0006	1
0	 0.0006	1
0	 0.0006	1
0	 0.0006	1
0	 0.0006	1
0	 0.0006	1
0	 0.0006	1
0	 0.0006	1
0	 0.0006	1
0	 0.0006	1
0	 0.0006	1
0	 0.0006	1
0	 0.0006	1
0	 0.0006	1
0	 0.0006	1
0	 0.0006	1
0	 0.0006	1
20	 0.0253	1
20	 0.0248	1
20	 0.0251	1
20	 0.0247	1
20	 0.0254	1
20	 0.0256	1
20	 0.0259	1
20	 0.0259	1
20	 0.0255	1
20	 0.0254	1
20	 0.0256	1
20	 0.0250	1
20	 0.0244	1
20	 0.0260	1
20	 0.0246	1
20	 0.0252	1
20	 0.0253	1
20	 0.0256	1
20	 0.0258	1
20	 0.0256	1
20	 0.0259	1
20	 0.0253	1
20	 0.0256	1
20	 0.0254	1
20	 0.0254	1
20	 0.0250	1
20	 0.0260	1
20	 0.0262	1
20	 0.0257	1
20	 0.0254	1
20	 0.0254	1
20	 0.0242	1
20	 0.0254	1
20	 0.0250	1
20	 0.0245	1
20	 0.0250	1
20	 0.0260	1
20	 0.0254	1
20	 0.0255	1
20	 0.0255	1
20	 0.0254	1
20	 0.0254	1
20	 0.0258	1
20	 0.0255	1
20	 0.0255	1
20	 0.0260	1
20	 0.0256	1
20	 0.0258	1
20	 0.0254	1
20	 0.0244	1
20	 0.0244	1
20	 0.0244	1
20	 0.0259	1
20	 0.0248	1
20	 0.0247	1
20	 0.0250	1
20	 0.0256	1
20	 0.0260	1
20	 0.0248	1
20	 0.0254	1
20	 0.0257	1
20	 0.0178	1
20	 0.0256	1
20	 0.0257	1
20	 0.0244	1
20	 0.0257	1
20	 0.0246	1
20	 0.0243	1
20	 0.0253	1
20	 0.0250	1
20	 0.0253	1
20	 0.0246	1
20	 0.0258	1
20	 0.0243	1
20	 0.0249	1
20	 0.0256	1
20	 0.0249	1
20	 0.0261	1
20	 0.0256	1
20	 0.0246	1
20	 0.0251	1
20	 0.0255	1
20	 0.0257	1
20	 0.0256	1
20	 0.0255	1
20	 0.0255	1
20	 0.0260	1
20	 0.0257	1
20	 0.0249	1
20	 0.0256	1
20	 0.0260	1
20	 0.0253	1
20	 0.0251	1
20	 0.0253	1
20	 0.0254	1
20	 0.0257	1
20	 0.0254	1
20	 0.0254	1
20	 0.0254	1
20	 0.0254	1
20	 0.0251	1
20	 0.0261	1
20	 0.0254	1
20	 0.0252	1
20	 0.0257	1
20	 0.0259	1
20	 0.0251	1
20	 0.0245	1
20	 0.0243	1
20	 0.0245	1
20	 0.0262	1
20	 0.0259	1
20	 0.0257	1
20	 0.0259	1
20	 0.0251	1
20	 0.0255	1
20	 0.0252	1
20	 0.0258	1
20	 0.0262	1
20	 0.0251	1
20	 0.0256	1
20	 0.0254	1
20	 0.0259	1
20	 0.0256	1
20	 0.0256	1
20	 0.0256	1
20	 0.0255	1
20	 0.0255	1
20	 0.0257	1
20	 0.0255	1
20	 0.0256	1
20	 0.0255	1
20	 0.0251	1
20	 0.0256	1
20	 0.0255	1
20	 0.0260	1
20	 0.0260	1
20	 0.0260	1
30	 0.0417	1
30	 0.0414	1
30	 0.0415	1
30	 0.0420	1
30	 0.0419	1
30	 0.0421	1
30	 0.0414	1
30	 0.0417	1
30	 0.0421	1
30	 0.0416	1
30	 0.0421	1
30	 0.0417	1
30	 0.0413	1
30	 0.0422	1
30	 0.0406	1
30	 0.0420	1
30	 0.0417	1
30	 0.0420	1
30	 0.0415	1
30	 0.0420	1
30	 0.0419	1
30	 0.0416	1
30	 0.0420	1
30	 0.0419	1
30	 0.0416	1
30	 0.0418	1
30	 0.0416	1
30	 0.0420	1
30	 0.0418	1
30	 0.0416	1
30	 0.0418	1
30	 0.0415	1
30	 0.0420	1
30	 0.0416	1
30	 0.0416	1
30	 0.0415	1
30	 0.0419	1
30	 0.0421	1
30	 0.0420	1
30	 0.0416	1
30	 0.0414	1
30	 0.0420	1
30	 0.0419	1
30	 0.0422	1
30	 0.0415	1
30	 0.0421	1
30	 0.0417	1
30	 0.0420	1
30	 0.0416	1
30	 0.0412	1
30	 0.0407	1
30	 0.0414	1
30	 0.0418	1
30	 0.0419	1
30	 0.0418	1
30	 0.0421	1
30	 0.0415	1
30	 0.0423	1
30	 0.0415	1
30	 0.0422	1
30	 0.0419	1
30	 0.0338	1
30	 0.0416	1
30	 0.0415	1
30	 0.0413	1
30	 0.0420	1
30	 0.0405	1
30	 0.0402	1
30	 0.0410	1
30	 0.0421	1
30	 0.0417	1
30	 0.0416	1
30	 0.0423	1
30	 0.0413	1
30	 0.0414	1
30	 0.0423	1
30	 0.0414	1
30	 0.0413	1
30	 0.0415	1
30	 0.0415	1
30	 0.0415	1
30	 0.0415	1
30	 0.0420	1
30	 0.0415	1
30	 0.0418	1
30	 0.0418	1
30	 0.0420	1
30	 0.0414	1
30	 0.0420	1
30	 0.0419	1
30	 0.0420	1
30	 0.0416	1
30	 0.0418	1
30	 0.0419	1
30	 0.0419	1
30	 0.0418	1
30	 0.0418	1
30	 0.0416	1
30	 0.0418	1
30	 0.0424	1
30	 0.0417	1
30	 0.0421	1
30	 0.0415	1
30	 0.0418	1
30	 0.0419	1
30	 0.0415	1
30	 0.0417	1
30	 0.0417	1
30	 0.0407	1
30	 0.0415	1
30	 0.0417	1
30	 0.0418	1
30	 0.0422	1
30	 0.0416	1
30	 0.0418	1
30	 0.0418	1
30	 0.0418	1
30	 0.0414	1
30	 0.0419	1
30	 0.0415	1
30	 0.0422	1
30	 0.0419	1
30	 0.0420	1
30	 0.0419	1
30	 0.0414	1
30	 0.0421	1
30	 0.0419	1
30	 0.0422	1
30	 0.0415	1
30	 0.0419	1
30	 0.0418	1
30	 0.0422	1
30	 0.0415	1
30	 0.0424	1
30	 0.0416	1
30	 0.0419	1
30	 0.0414	1
30	 0.0418	1
60	 0.0785	1
60	 0.0780	1
60	 0.0788	1
60	 0.0783	1
60	 0.0777	1
60	 0.0785	1
60	 0.0780	1
60	 0.0792	1
60	 0.0789	1
60	 0.0786	1
60	 0.0791	1
60	 0.0791	1
60	 0.0777	1
60	 0.0788	1
60	 0.0782	1
60	 0.0791	1
60	 0.0791	1
60	 0.0788	1
60	 0.0791	1
60	 0.0784	1
60	 0.0778	1
60	 0.0786	1
60	 0.0783	1
60	 0.0792	1
60	 0.0792	1
60	 0.0784	1
60	 0.0792	1
60	 0.0786	1
60	 0.0786	1
60	 0.0791	1
60	 0.0778	1
60	 0.0787	1
60	 0.0778	1
60	 0.0793	1
60	 0.0790	1
60	 0.0781	1
60	 0.0790	1
60	 0.0791	1
60	 0.0792	1
60	 0.0787	1
60	 0.0777	1
60	 0.0779	1
60	 0.0790	1
60	 0.0783	1
60	 0.0789	1
60	 0.0779	1
60	 0.0784	1
60	 0.0786	1
60	 0.0787	1
60	 0.0777	1
60	 0.0785	1
60	 0.0778	1
60	 0.0792	1
60	 0.0786	1
60	 0.0782	1
60	 0.0789	1
60	 0.0781	1
60	 0.0783	1
60	 0.0780	1
60	 0.0791	1
60	 0.0777	1
60	 0.0755	1
60	 0.0781	1
60	 0.0777	1
60	 0.0776	1
60	 0.0778	1
60	 0.0780	1
60	 0.0778	1
60	 0.0785	1
60	 0.0790	1
60	 0.0785	1
60	 0.0781	1
60	 0.0783	1
60	 0.0784	1
60	 0.0789	1
60	 0.0790	1
60	 0.0781	1
60	 0.0780	1
60	 0.0783	1
60	 0.0784	1
60	 0.0790	1
60	 0.0790	1
60	 0.0780	1
60	 0.0786	1
60	 0.0789	1
60	 0.0789	1
60	 0.0790	1
60	 0.0777	1
60	 0.0787	1
60	 0.0782	1
60	 0.0789	1
60	 0.0782	1
60	 0.0788	1
60	 0.0792	1
60	 0.0791	1
60	 0.0788	1
60	 0.0790	1
60	 0.0790	1
60	 0.0791	1
60	 0.0792	1
60	 0.0792	1
60	 0.0788	1
60	 0.0788	1
60	 0.0783	1
60	 0.0779	1
60	 0.0786	1
60	 0.0782	1
60	 0.0779	1
60	 0.0786	1
60	 0.0778	1
60	 0.0782	1
60	 0.0785	1
60	 0.0782	1
60	 0.0793	1
60	 0.0792	1
60	 0.0790	1
60	 0.0783	1
60	 0.0789	1
60	 0.0784	1
60	 0.0782	1
60	 0.0792	1
60	 0.0790	1
60	 0.0784	1
60	 0.0778	1
60	 0.0783	1
60	 0.0791	1
60	 0.0784	1
60	 0.0786	1
60	 0.0785	1
60	 0.0784	1
60	 0.0788	1
60	 0.0782	1
60	 0.0792	1
60	 0.0788	1
60	 0.0788	1
60	 0.0791	1
60	 0.0788	1
60	 0.0779	1
80	 0.0954	1
80	 0.0953	1
80	 0.0952	1
80	 0.0954	1
80	 0.0954	1
80	 0.0954	1
80	 0.0955	1
80	 0.0954	1
80	 0.0955	1
80	 0.0954	1
80	 0.0955	1
80	 0.0954	1
80	 0.0954	1
80	 0.0954	1
80	 0.0949	1
80	 0.0955	1
80	 0.0953	1
80	 0.0955	1
80	 0.0953	1
80	 0.0953	1
80	 0.0953	1
80	 0.0954	1
80	 0.0953	1
80	 0.0954	1
80	 0.0953	1
80	 0.0955	1
80	 0.0953	1
80	 0.0959	1
80	 0.0951	1
80	 0.0952	1
80	 0.0954	1
80	 0.0954	1
80	 0.0954	1
80	 0.0954	1
80	 0.0954	1
80	 0.0954	1
80	 0.0954	1
80	 0.0954	1
80	 0.0954	1
80	 0.0954	1
80	 0.0954	1
80	 0.0952	1
80	 0.0953	1
80	 0.0954	1
80	 0.0953	1
80	 0.0955	1
80	 0.0953	1
80	 0.0954	1
80	 0.0954	1
80	 0.0954	1
80	 0.0950	1
80	 0.0952	1
80	 0.0954	1
80	 0.0953	1
80	 0.0953	1
80	 0.0955	1
80	 0.0955	1
80	 0.0954	1
80	 0.0953	1
80	 0.0954	1
80	 0.0955	1
80	 0.0904	1
80	 0.0954	1
80	 0.0954	1
80	 0.0953	1
80	 0.0954	1
80	 0.0949	1
80	 0.0942	1
80	 0.0953	1
80	 0.0955	1
80	 0.0957	1
80	 0.0954	1
80	 0.0954	1
80	 0.0951	1
80	 0.0953	1
80	 0.0955	1
80	 0.0954	1
80	 0.0954	1
80	 0.0955	1
80	 0.0954	1
80	 0.0952	1
80	 0.0953	1
80	 0.0953	1
80	 0.0954	1
80	 0.0955	1
80	 0.0954	1
80	 0.0954	1
80	 0.0953	1
80	 0.0954	1
80	 0.0954	1
80	 0.0954	1
80	 0.0954	1
80	 0.0953	1
80	 0.0954	1
80	 0.0954	1
80	 0.0954	1
80	 0.0955	1
80	 0.0953	1
80	 0.0954	1
80	 0.0954	1
80	 0.0954	1
80	 0.0953	1
80	 0.0954	1
80	 0.0954	1
80	 0.0955	1
80	 0.0954	1
80	 0.0955	1
80	 0.0955	1
80	 0.0950	1
80	 0.0954	1
80	 0.0954	1
80	 0.0952	1
80	 0.0955	1
80	 0.0953	1
80	 0.0953	1
80	 0.0953	1
80	 0.0953	1
80	 0.0954	1
80	 0.0954	1
80	 0.0954	1
80	 0.0955	1
80	 0.0955	1
80	 0.0954	1
80	 0.0954	1
80	 0.0954	1
80	 0.0955	1
80	 0.0954	1
80	 0.0954	1
80	 0.0954	1
80	 0.0953	1
80	 0.0954	1
80	 0.0955	1
80	 0.0955	1
80	 0.0954	1
80	 0.0955	1
80	 0.0954	1
80	 0.0954	1
80	 0.0954	1
90	 0.1001	1
90	 0.1001	1
90	 0.1000	1
90	 0.1000	1
90	 0.1001	1
90	 0.1001	1
90	 0.1001	1
90	 0.1001	1
90	 0.1001	1
90	 0.1011	1
90	 0.1001	1
90	 0.1001	1
90	 0.1001	1
90	 0.1001	1
90	 0.0997	1
90	 0.1001	1
90	 0.1000	1
90	 0.1001	1
90	 0.1001	1
90	 0.1001	1
90	 0.1001	1
90	 0.1001	1
90	 0.1001	1
90	 0.1001	1
90	 0.1000	1
90	 0.1001	1
90	 0.1001	1
90	 0.1001	1
90	 0.1001	1
90	 0.1001	1
90	 0.1001	1
90	 0.1001	1
90	 0.1001	1
90	 0.1001	1
90	 0.1001	1
90	 0.1001	1
90	 0.1001	1
90	 0.1001	1
90	 0.1001	1
90	 0.0999	1
90	 0.1000	1
90	 0.1001	1
90	 0.1001	1
90	 0.1001	1
90	 0.1001	1
90	 0.1001	1
90	 0.0999	1
90	 0.1001	1
90	 0.1001	1
90	 0.1001	1
90	 0.0998	1
90	 0.1001	1
90	 0.1001	1
90	 0.1000	1
90	 0.1001	1
90	 0.0995	1
90	 0.1001	1
90	 0.1001	1
90	 0.1001	1
90	 0.1001	1
90	 0.1001	1
90	 0.0982	1
90	 0.1001	1
90	 0.1001	1
90	 0.1000	1
90	 0.1001	1
90	 0.0996	1
90	 0.0995	1
90	 0.0999	1
90	 0.1001	1
90	 0.1001	1
90	 0.1001	1
90	 0.1001	1
90	 0.1001	1
90	 0.1001	1
90	 0.1001	1
90	 0.1001	1
90	 0.1001	1
90	 0.1001	1
90	 0.1001	1
90	 0.1001	1
90	 0.1001	1
90	 0.1001	1
90	 0.1001	1
90	 0.1001	1
90	 0.1001	1
90	 0.1001	1
90	 0.1001	1
90	 0.1001	1
90	 0.0999	1
90	 0.1001	1
90	 0.1001	1
90	 0.1001	1
90	 0.1001	1
90	 0.1001	1
90	 0.1001	1
90	 0.1001	1
90	 0.1001	1
90	 0.1001	1
90	 0.1000	1
90	 0.1000	1
90	 0.1001	1
90	 0.1001	1
90	 0.1001	1
90	 0.1001	1
90	 0.1011	1
90	 0.1001	1
90	 0.1001	1
90	 0.1001	1
90	 0.1001	1
90	 0.1001	1
90	 0.1001	1
90	 0.1001	1
90	 0.1001	1
90	 0.1000	1
90	 0.1001	1
90	 0.1001	1
90	 0.1001	1
90	 0.1001	1
90	 0.1001	1
90	 0.1001	1
90	 0.1001	1
90	 0.1001	1
90	 0.1001	1
90	 0.1001	1
90	 0.1001	1
90	 0.1001	1
90	 0.1001	1
90	 0.1011	1
90	 0.1001	1
90	 0.1001	1
90	 0.1001	1
90	 0.1001	1
90	 0.1001	1
90	 0.1001	1
90	 0.1001	1
90	 0.1001	1
90	 0.1001	1
100	 0.1071	1
100	 0.1061	1
100	 0.1061	1
100	 0.1061	1
100	 0.1061	1
100	 0.1061	1
100	 0.1061	1
100	 0.1061	1
100	 0.1061	1
100	 0.1061	1
100	 0.1061	1
100	 0.1061	1
100	 0.1061	1
100	 0.1061	1
100	 0.1061	1
100	 0.1061	1
100	 0.1061	1
100	 0.1061	1
100	 0.1061	1
100	 0.1061	1
100	 0.1061	1
100	 0.1061	1
100	 0.1061	1
100	 0.1061	1
100	 0.1061	1
100	 0.1061	1
100	 0.1061	1
100	 0.1061	1
100	 0.1061	1
100	 0.1061	1
100	 0.1061	1
100	 0.1061	1
100	 0.1061	1
100	 0.1061	1
100	 0.1061	1
100	 0.1061	1
100	 0.1061	1
100	 0.1061	1
100	 0.1061	1
100	 0.1061	1
100	 0.1061	1
100	 0.1061	1
100	 0.1071	1
100	 0.1061	1
100	 0.1061	1
100	 0.1071	1
100	 0.1061	1
100	 0.1061	1
100	 0.1061	1
100	 0.1061	1
100	 0.1071	1
100	 0.1061	1
100	 0.1061	1
100	 0.1071	1
100	 0.1061	1
100	 0.1071	1
100	 0.1061	1
100	 0.1061	1
100	 0.1071	1
100	 0.1061	1
100	 0.1061	1
100	 0.1021	1
100	 0.1061	1
100	 0.1061	1
100	 0.1061	1
100	 0.1071	1
100	 0.1061	1
100	 0.1061	1
100	 0.1061	1
100	 0.1061	1
100	 0.1071	1
100	 0.1061	1
100	 0.1061	1
100	 0.1061	1
100	 0.1061	1
100	 0.1061	1
100	 0.1061	1
100	 0.1061	1
100	 0.1061	1
100	 0.1061	1
100	 0.1061	1
100	 0.1071	1
100	 0.1061	1
100	 0.1061	1
100	 0.1061	1
100	 0.1061	1
100	 0.1061	1
100	 0.1061	1
100	 0.1061	1
100	 0.1061	1
100	 0.1061	1
100	 0.1061	1
100	 0.1061	1
100	 0.1061	1
100	 0.1061	1
100	 0.1061	1
100	 0.1061	1
100	 0.1071	1
100	 0.1071	1
100	 0.1061	1
100	 0.1061	1
100	 0.1061	1
100	 0.1061	1
100	 0.1071	1
100	 0.1061	1
100	 0.1061	1
100	 0.1061	1
100	 0.1061	1
100	 0.1061	1
100	 0.1061	1
100	 0.1061	1
100	 0.1061	1
100	 0.1061	1
100	 0.1061	1
100	 0.1061	1
100	 0.1061	1
100	 0.1061	1
100	 0.1061	1
100	 0.1061	1
100	 0.1061	1
100	 0.1061	1
100	 0.1061	1
100	 0.1061	1
100	 0.1061	1
100	 0.1061	1
100	 0.1061	1
100	 0.1061	1
100	 0.1061	1
100	 0.1061	1
100	 0.1061	1
100	 0.1071	1
100	 0.1061	1
100	 0.1061	1
100	 0.1061	1
100	 0.1061	1
100	 0.1061	1
100	 0.1061	1
100	 0.1061	1
0	 0.0011	2
0	 0.0011	2
0	 0.0009	2
0	 0.0011	2
0	 0.0010	2
0	 0.0009	2
0	 0.0010	2
0	 0.0010	2
0	 0.0010	2
0	 0.0011	2
0	 0.0009	2
0	 0.0003	2
0	 0.0012	2
0	 0.0009	2
0	 0.0015	2
0	 0.0011	2
0	 0.0011	2
0	 0.0010	2
0	 0.0010	2
0	 0.0009	2
0	 0.0010	2
0	 0.0011	2
0	 0.0010	2
0	 0.0011	2
0	 0.0010	2
0	 0.0010	2
0	 0.0011	2
0	 0.0010	2
0	 0.0010	2
0	 0.0011	2
0	 0.0010	2
0	 0.0017	2
0	 0.0010	2
0	 0.0000	2
0	 0.0016	2
0	 0.0011	2
0	 0.0010	2
0	 0.0010	2
0	 0.0010	2
0	 0.0011	2
0	 0.0010	2
0	 0.0010	2
0	 0.0010	2
0	 0.0009	2
0	 0.0011	2
0	 0.0010	2
0	 0.0010	2
0	 0.0009	2
0	 0.0010	2
0	 0.0012	2
0	 0.0015	2
0	 0.0013	2
0	 0.0010	2
0	 0.0011	2
0	 0.0011	2
0	 0.0011	2
0	 0.0010	2
0	 0.0009	2
0	 0.0011	2
0	 0.0010	2
0	 0.0009	2
0	 0.0011	2
0	 0.0011	2
0	 0.0009	2
0	 0.0012	2
0	 0.0010	2
0	 0.0016	2
0	 0.0017	2
0	 0.0011	2
0	 0.0011	2
0	 0.0011	2
0	 0.0012	2
0	 0.0009	2
0	 0.0013	2
0	 0.0011	2
0	 0.0009	2
0	 0.0011	2
0	 0.0010	2
0	 0.0010	2
0	 0.0011	2
0	 0.0011	2
0	 0.0011	2
0	 0.0010	2
0	 0.0010	2
0	 0.0011	2
0	 0.0010	2
0	 0.0010	2
0	 0.0010	2
0	 0.0011	2
0	 0.0011	2
0	 0.0010	2
0	 0.0010	2
0	 0.0010	2
0	 0.0011	2
0	 0.0011	2
0	 0.0010	2
0	 0.0010	2
0	 0.0011	2
0	 0.0012	2
0	 0.0011	2
0	 0.0010	2
0	 0.0010	2
0	 0.0011	2
0	 0.0011	2
0	 0.0009	2
0	 0.0010	2
0	 0.0010	2
0	 0.0012	2
0	 0.0014	2
0	 0.0012	2
0	 0.0010	2
0	 0.0010	2
0	 0.0010	2
0	 0.0010	2
0	 0.0010	2
0	 0.0011	2
0	 0.0011	2
0	 0.0010	2
0	 0.0010	2
0	 0.0011	2
0	 0.0009	2
0	 0.0011	2
0	 0.0010	2
0	 0.0010	2
0	 0.0011	2
0	 0.0009	2
0	 0.0011	2
0	 0.0009	2
0	 0.0010	2
0	 0.0009	2
0	 0.0010	2
0	 0.0009	2
0	 0.0011	2
0	 0.0009	2
0	 0.0011	2
0	 0.0010	2
0	 0.0010	2
0	 0.0010	2
20	 0.0227	2
20	 0.0229	2
20	 0.0228	2
20	 0.0231	2
20	 0.0230	2
20	 0.0228	2
20	 0.0234	2
20	 0.0230	2
20	 0.0231	2
20	 0.0227	2
20	 0.0228	2
20	 0.0228	2
20	 0.0224	2
20	 0.0227	2
20	 0.0222	2
20	 0.0226	2
20	 0.0229	2
20	 0.0230	2
20	 0.0232	2
20	 0.0228	2
20	 0.0229	2
20	 0.0227	2
20	 0.0232	2
20	 0.0223	2
20	 0.0231	2
20	 0.0228	2
20	 0.0228	2
20	 0.0232	2
20	 0.0229	2
20	 0.0225	2
20	 0.0229	2
20	 0.0230	2
20	 0.0230	2
20	 0.0220	2
20	 0.0230	2
20	 0.0231	2
20	 0.0229	2
20	 0.0231	2
20	 0.0230	2
20	 0.0227	2
20	 0.0229	2
20	 0.0229	2
20	 0.0235	2
20	 0.0228	2
20	 0.0229	2
20	 0.0229	2
20	 0.0231	2
20	 0.0230	2
20	 0.0228	2
20	 0.0225	2
20	 0.0222	2
20	 0.0224	2
20	 0.0231	2
20	 0.0231	2
20	 0.0230	2
20	 0.0228	2
20	 0.0234	2
20	 0.0229	2
20	 0.0229	2
20	 0.0231	2
20	 0.0230	2
20	 0.0156	2
20	 0.0226	2
20	 0.0229	2
20	 0.0224	2
20	 0.0229	2
20	 0.0221	2
20	 0.0218	2
20	 0.0228	2
20	 0.0227	2
20	 0.0226	2
20	 0.0227	2
20	 0.0229	2
20	 0.0223	2
20	 0.0225	2
20	 0.0228	2
20	 0.0230	2
20	 0.0233	2
20	 0.0234	2
20	 0.0226	2
20	 0.0224	2
20	 0.0229	2
20	 0.0229	2
20	 0.0227	2
20	 0.0231	2
20	 0.0232	2
20	 0.0228	2
20	 0.0227	2
20	 0.0230	2
20	 0.0232	2
20	 0.0232	2
20	 0.0228	2
20	 0.0229	2
20	 0.0224	2
20	 0.0223	2
20	 0.0230	2
20	 0.0230	2
20	 0.0226	2
20	 0.0228	2
20	 0.0228	2
20	 0.0230	2
20	 0.0232	2
20	 0.0227	2
20	 0.0227	2
20	 0.0230	2
20	 0.0234	2
20	 0.0228	2
20	 0.0226	2
20	 0.0222	2
20	 0.0225	2
20	 0.0232	2
20	 0.0228	2
20	 0.0230	2
20	 0.0219	2
20	 0.0230	2
20	 0.0226	2
20	 0.0226	2
20	 0.0233	2
20	 0.0232	2
20	 0.0231	2
20	 0.0229	2
20	 0.0224	2
20	 0.0227	2
20	 0.0229	2
20	 0.0228	2
20	 0.0229	2
20	 0.0232	2
20	 0.0229	2
20	 0.0234	2
20	 0.0228	2
20	 0.0227	2
20	 0.0229	2
20	 0.0230	2
20	 0.0229	2
20	 0.0227	2
20	 0.0231	2
20	 0.0234	2
20	 0.0229	2
30	 0.0357	2
30	 0.0357	2
30	 0.0357	2
30	 0.0357	2
30	 0.0356	2
30	 0.0357	2
30	 0.0359	2
30	 0.0358	2
30	 0.0359	2
30	 0.0357	2
30	 0.0358	2
30	 0.0357	2
30	 0.0355	2
30	 0.0357	2
30	 0.0349	2
30	 0.0357	2
30	 0.0356	2
30	 0.0358	2
30	 0.0361	2
30	 0.0358	2
30	 0.0356	2
30	 0.0358	2
30	 0.0357	2
30	 0.0356	2
30	 0.0361	2
30	 0.0359	2
30	 0.0357	2
30	 0.0354	2
30	 0.0358	2
30	 0.0357	2
30	 0.0356	2
30	 0.0355	2
30	 0.0356	2
30	 0.0357	2
30	 0.0356	2
30	 0.0356	2
30	 0.0358	2
30	 0.0358	2
30	 0.0358	2
30	 0.0357	2
30	 0.0357	2
30	 0.0356	2
30	 0.0358	2
30	 0.0358	2
30	 0.0357	2
30	 0.0356	2
30	 0.0357	2
30	 0.0357	2
30	 0.0358	2
30	 0.0354	2
30	 0.0349	2
30	 0.0353	2
30	 0.0358	2
30	 0.0357	2
30	 0.0357	2
30	 0.0357	2
30	 0.0359	2
30	 0.0357	2
30	 0.0357	2
30	 0.0358	2
30	 0.0357	2
30	 0.0282	2
30	 0.0358	2
30	 0.0358	2
30	 0.0353	2
30	 0.0356	2
30	 0.0348	2
30	 0.0347	2
30	 0.0357	2
30	 0.0357	2
30	 0.0357	2
30	 0.0356	2
30	 0.0357	2
30	 0.0352	2
30	 0.0357	2
30	 0.0358	2
30	 0.0356	2
30	 0.0359	2
30	 0.0359	2
30	 0.0356	2
30	 0.0357	2
30	 0.0358	2
30	 0.0356	2
30	 0.0358	2
30	 0.0358	2
30	 0.0357	2
30	 0.0358	2
30	 0.0358	2
30	 0.0357	2
30	 0.0357	2
30	 0.0358	2
30	 0.0358	2
30	 0.0357	2
30	 0.0357	2
30	 0.0356	2
30	 0.0357	2
30	 0.0358	2
30	 0.0357	2
30	 0.0357	2
30	 0.0357	2
30	 0.0360	2
30	 0.0359	2
30	 0.0357	2
30	 0.0357	2
30	 0.0357	2
30	 0.0359	2
30	 0.0359	2
30	 0.0355	2
30	 0.0351	2
30	 0.0355	2
30	 0.0359	2
30	 0.0357	2
30	 0.0357	2
30	 0.0357	2
30	 0.0360	2
30	 0.0356	2
30	 0.0357	2
30	 0.0361	2
30	 0.0356	2
30	 0.0356	2
30	 0.0357	2
30	 0.0356	2
30	 0.0356	2
30	 0.0356	2
30	 0.0358	2
30	 0.0358	2
30	 0.0357	2
30	 0.0358	2
30	 0.0359	2
30	 0.0358	2
30	 0.0358	2
30	 0.0357	2
30	 0.0356	2
30	 0.0358	2
30	 0.0356	2
30	 0.0358	2
30	 0.0360	2
30	 0.0357	2
60	 0.0716	2
60	 0.0717	2
60	 0.0715	2
60	 0.0716	2
60	 0.0718	2
60	 0.0716	2
60	 0.0718	2
60	 0.0711	2
60	 0.0715	2
60	 0.0717	2
60	 0.0719	2
60	 0.0712	2
60	 0.0718	2
60	 0.0719	2
60	 0.0710	2
60	 0.0715	2
60	 0.0716	2
60	 0.0716	2
60	 0.0715	2
60	 0.0717	2
60	 0.0717	2
60	 0.0718	2
60	 0.0714	2
60	 0.0717	2
60	 0.0716	2
60	 0.0716	2
60	 0.0714	2
60	 0.0719	2
60	 0.0716	2
60	 0.0719	2
60	 0.0719	2
60	 0.0715	2
60	 0.0716	2
60	 0.0712	2
60	 0.0716	2
60	 0.0716	2
60	 0.0715	2
60	 0.0709	2
60	 0.0713	2
60	 0.0716	2
60	 0.0717	2
60	 0.0714	2
60	 0.0716	2
60	 0.0718	2
60	 0.0712	2
60	 0.0716	2
60	 0.0714	2
60	 0.0718	2
60	 0.0715	2
60	 0.0718	2
60	 0.0719	2
60	 0.0716	2
60	 0.0713	2
60	 0.0717	2
60	 0.0715	2
60	 0.0717	2
60	 0.0711	2
60	 0.0718	2
60	 0.0715	2
60	 0.0715	2
60	 0.0716	2
60	 0.0651	2
60	 0.0715	2
60	 0.0715	2
60	 0.0718	2
60	 0.0716	2
60	 0.0708	2
60	 0.0703	2
60	 0.0717	2
60	 0.0717	2
60	 0.0718	2
60	 0.0715	2
60	 0.0717	2
60	 0.0714	2
60	 0.0716	2
60	 0.0720	2
60	 0.0717	2
60	 0.0716	2
60	 0.0710	2
60	 0.0716	2
60	 0.0718	2
60	 0.0713	2
60	 0.0713	2
60	 0.0714	2
60	 0.0716	2
60	 0.0716	2
60	 0.0716	2
60	 0.0716	2
60	 0.0717	2
60	 0.0713	2
60	 0.0720	2
60	 0.0715	2
60	 0.0717	2
60	 0.0716	2
60	 0.0719	2
60	 0.0714	2
60	 0.0716	2
60	 0.0729	2
60	 0.0715	2
60	 0.0717	2
60	 0.0717	2
60	 0.0719	2
60	 0.0727	2
60	 0.0716	2
60	 0.0717	2
60	 0.0718	2
60	 0.0715	2
60	 0.0717	2
60	 0.0719	2
60	 0.0717	2
60	 0.0716	2
60	 0.0715	2
60	 0.0717	2
60	 0.0713	2
60	 0.0718	2
60	 0.0720	2
60	 0.0718	2
60	 0.0716	2
60	 0.0716	2
60	 0.0715	2
60	 0.0717	2
60	 0.0718	2
60	 0.0714	2
60	 0.0719	2
60	 0.0717	2
60	 0.0718	2
60	 0.0715	2
60	 0.0718	2
60	 0.0719	2
60	 0.0717	2
60	 0.0715	2
60	 0.0718	2
60	 0.0715	2
60	 0.0720	2
60	 0.0716	2
60	 0.0718	2
60	 0.0718	2
60	 0.0718	2
80	 0.0909	2
80	 0.0907	2
80	 0.0907	2
80	 0.0906	2
80	 0.0908	2
80	 0.0906	2
80	 0.0908	2
80	 0.0909	2
80	 0.0908	2
80	 0.0909	2
80	 0.0907	2
80	 0.0906	2
80	 0.0906	2
80	 0.0907	2
80	 0.0902	2
80	 0.0907	2
80	 0.0906	2
80	 0.0908	2
80	 0.0907	2
80	 0.0907	2
80	 0.0907	2
80	 0.0909	2
80	 0.0906	2
80	 0.0907	2
80	 0.0907	2
80	 0.0907	2
80	 0.0908	2
80	 0.0903	2
80	 0.0903	2
80	 0.0901	2
80	 0.0906	2
80	 0.0907	2
80	 0.0907	2
80	 0.0906	2
80	 0.0906	2
80	 0.0907	2
80	 0.0908	2
80	 0.0910	2
80	 0.0910	2
80	 0.0914	2
80	 0.0908	2
80	 0.0906	2
80	 0.0906	2
80	 0.0908	2
80	 0.0907	2
80	 0.0908	2
80	 0.0908	2
80	 0.0907	2
80	 0.0907	2
80	 0.0905	2
80	 0.0904	2
80	 0.0904	2
80	 0.0909	2
80	 0.0906	2
80	 0.0907	2
80	 0.0907	2
80	 0.0907	2
80	 0.0907	2
80	 0.0907	2
80	 0.0909	2
80	 0.0908	2
80	 0.0854	2
80	 0.0908	2
80	 0.0907	2
80	 0.0904	2
80	 0.0908	2
80	 0.0901	2
80	 0.0899	2
80	 0.0907	2
80	 0.0907	2
80	 0.0908	2
80	 0.0906	2
80	 0.0908	2
80	 0.0904	2
80	 0.0907	2
80	 0.0907	2
80	 0.0906	2
80	 0.0908	2
80	 0.0907	2
80	 0.0907	2
80	 0.0900	2
80	 0.0907	2
80	 0.0907	2
80	 0.0907	2
80	 0.0907	2
80	 0.0907	2
80	 0.0907	2
80	 0.0909	2
80	 0.0906	2
80	 0.0907	2
80	 0.0910	2
80	 0.0906	2
80	 0.0908	2
80	 0.0906	2
80	 0.0907	2
80	 0.0908	2
80	 0.0907	2
80	 0.0908	2
80	 0.0907	2
80	 0.0908	2
80	 0.0908	2
80	 0.0910	2
80	 0.0909	2
80	 0.0908	2
80	 0.0907	2
80	 0.0908	2
80	 0.0906	2
80	 0.0906	2
80	 0.0904	2
80	 0.0906	2
80	 0.0907	2
80	 0.0908	2
80	 0.0908	2
80	 0.0908	2
80	 0.0908	2
80	 0.0908	2
80	 0.0909	2
80	 0.0908	2
80	 0.0901	2
80	 0.0907	2
80	 0.0907	2
80	 0.0907	2
80	 0.0907	2
80	 0.0907	2
80	 0.0909	2
80	 0.0907	2
80	 0.0907	2
80	 0.0906	2
80	 0.0907	2
80	 0.0907	2
80	 0.0907	2
80	 0.0908	2
80	 0.0907	2
80	 0.0907	2
80	 0.0907	2
80	 0.0908	2
80	 0.0908	2
80	 0.0906	2
90	 0.0987	2
90	 0.0988	2
90	 0.0987	2
90	 0.0986	2
90	 0.0987	2
90	 0.0986	2
90	 0.0986	2
90	 0.0986	2
90	 0.0987	2
90	 0.0986	2
90	 0.0986	2
90	 0.0987	2
90	 0.0985	2
90	 0.0986	2
90	 0.0983	2
90	 0.0986	2
90	 0.0987	2
90	 0.0987	2
90	 0.0987	2
90	 0.0987	2
90	 0.0989	2
90	 0.0986	2
90	 0.0987	2
90	 0.0987	2
90	 0.0988	2
90	 0.0988	2
90	 0.0987	2
90	 0.0987	2
90	 0.0987	2
90	 0.0986	2
90	 0.0997	2
90	 0.0987	2
90	 0.0989	2
90	 0.0988	2
90	 0.0987	2
90	 0.0989	2
90	 0.0987	2
90	 0.0985	2
90	 0.0986	2
90	 0.0987	2
90	 0.0986	2
90	 0.0987	2
90	 0.0988	2
90	 0.0987	2
90	 0.0977	2
90	 0.0988	2
90	 0.0986	2
90	 0.0985	2
90	 0.0986	2
90	 0.0985	2
90	 0.0985	2
90	 0.0986	2
90	 0.0987	2
90	 0.0987	2
90	 0.0994	2
90	 0.0986	2
90	 0.0987	2
90	 0.0987	2
90	 0.0995	2
90	 0.0987	2
90	 0.0986	2
90	 0.0936	2
90	 0.0987	2
90	 0.0986	2
90	 0.0986	2
90	 0.0989	2
90	 0.0981	2
90	 0.0979	2
90	 0.0986	2
90	 0.0986	2
90	 0.0986	2
90	 0.0987	2
90	 0.0987	2
90	 0.0984	2
90	 0.0987	2
90	 0.0987	2
90	 0.0988	2
90	 0.0986	2
90	 0.0987	2
90	 0.0987	2
90	 0.0986	2
90	 0.0979	2
90	 0.0987	2
90	 0.0987	2
90	 0.0986	2
90	 0.0986	2
90	 0.0988	2
90	 0.0987	2
90	 0.0987	2
90	 0.0987	2
90	 0.0986	2
90	 0.0987	2
90	 0.0988	2
90	 0.0986	2
90	 0.0988	2
90	 0.0986	2
90	 0.0986	2
90	 0.0988	2
90	 0.0979	2
90	 0.0987	2
90	 0.0988	2
90	 0.0987	2
90	 0.0988	2
90	 0.0987	2
90	 0.0985	2
90	 0.0988	2
90	 0.0988	2
90	 0.0986	2
90	 0.0984	2
90	 0.0985	2
90	 0.0986	2
90	 0.0987	2
90	 0.0987	2
90	 0.0987	2
90	 0.0987	2
90	 0.0987	2
90	 0.0987	2
90	 0.0987	2
90	 0.0986	2
90	 0.0989	2
90	 0.0987	2
90	 0.0988	2
90	 0.0986	2
90	 0.0987	2
90	 0.0986	2
90	 0.0987	2
90	 0.0986	2
90	 0.0986	2
90	 0.0987	2
90	 0.0987	2
90	 0.0987	2
90	 0.0986	2
90	 0.0988	2
90	 0.0985	2
90	 0.0987	2
90	 0.0986	2
90	 0.0987	2
90	 0.0997	2
100	 0.1057	2
100	 0.1059	2
100	 0.1058	2
100	 0.1059	2
100	 0.1058	2
100	 0.1057	2
100	 0.1057	2
100	 0.1056	2
100	 0.1059	2
100	 0.1060	2
100	 0.1057	2
100	 0.1056	2
100	 0.1056	2
100	 0.1058	2
100	 0.1054	2
100	 0.1057	2
100	 0.1057	2
100	 0.1058	2
100	 0.1056	2
100	 0.1057	2
100	 0.1058	2
100	 0.1056	2
100	 0.1058	2
100	 0.1057	2
100	 0.1058	2
100	 0.1057	2
100	 0.1057	2
100	 0.1056	2
100	 0.1058	2
100	 0.1059	2
100	 0.1059	2
100	 0.1057	2
100	 0.1059	2
100	 0.1057	2
100	 0.1057	2
100	 0.1057	2
100	 0.1060	2
100	 0.1056	2
100	 0.1056	2
100	 0.1059	2
100	 0.1060	2
100	 0.1059	2
100	 0.1060	2
100	 0.1056	2
100	 0.1057	2
100	 0.1058	2
100	 0.1060	2
100	 0.1058	2
100	 0.1056	2
100	 0.1057	2
100	 0.1054	2
100	 0.1056	2
100	 0.1055	2
100	 0.1059	2
100	 0.1059	2
100	 0.1058	2
100	 0.1057	2
100	 0.1064	2
100	 0.1059	2
100	 0.1056	2
100	 0.1057	2
100	 0.1040	2
100	 0.1059	2
100	 0.1057	2
100	 0.1057	2
100	 0.1058	2
100	 0.1054	2
100	 0.1053	2
100	 0.1059	2
100	 0.1058	2
100	 0.1059	2
100	 0.1056	2
100	 0.1057	2
100	 0.1055	2
100	 0.1056	2
100	 0.1057	2
100	 0.1057	2
100	 0.1058	2
100	 0.1057	2
100	 0.1056	2
100	 0.1047	2
100	 0.1057	2
100	 0.1059	2
100	 0.1058	2
100	 0.1056	2
100	 0.1056	2
100	 0.1060	2
100	 0.1059	2
100	 0.1059	2
100	 0.1060	2
100	 0.1055	2
100	 0.1057	2
100	 0.1056	2
100	 0.1056	2
100	 0.1057	2
100	 0.1061	2
100	 0.1055	2
100	 0.1058	2
100	 0.1057	2
100	 0.1056	2
100	 0.1057	2
100	 0.1055	2
100	 0.1058	2
100	 0.1057	2
100	 0.1058	2
100	 0.1057	2
100	 0.1057	2
100	 0.1056	2
100	 0.1056	2
100	 0.1057	2
100	 0.1057	2
100	 0.1058	2
100	 0.1058	2
100	 0.1057	2
100	 0.1056	2
100	 0.1060	2
100	 0.1058	2
100	 0.1057	2
100	 0.1056	2
100	 0.1058	2
100	 0.1056	2
100	 0.1058	2
100	 0.1059	2
100	 0.1059	2
100	 0.1060	2
100	 0.1057	2
100	 0.1059	2
100	 0.1057	2
100	 0.1056	2
100	 0.1056	2
100	 0.1056	2
100	 0.1057	2
100	 0.1057	2
100	 0.1058	2
100	 0.1058	2
100	 0.1056	2
100	 0.1057	2
100	 0.1058	2
0	 0.0000	3
0	 0.0000	3
0	 0.0000	3
0	 0.0000	3
0	 0.0000	3
0	 0.0000	3
0	 0.0000	3
0	 0.0000	3
0	 0.0000	3
0	 0.0000	3
0	 0.0000	3
0	 0.0000	3
0	 0.0000	3
0	 0.0000	3
0	 0.0000	3
0	 0.0000	3
0	 0.0000	3
0	 0.0000	3
0	 0.0000	3
0	 0.0000	3
0	 0.0000	3
0	 0.0000	3
0	 0.0000	3
0	 0.0000	3
0	 0.0000	3
0	 0.0000	3
0	 0.0000	3
0	 0.0000	3
0	 0.0000	3
0	 0.0000	3
0	 0.0000	3
0	 0.0000	3
0	 0.0000	3
0	 0.0000	3
0	 0.0000	3
0	 0.0000	3
0	 0.0000	3
0	 0.0000	3
0	 0.0000	3
0	 0.0000	3
0	 0.0000	3
0	 0.0000	3
0	 0.0000	3
0	 0.0000	3
0	 0.0000	3
0	 0.0000	3
0	 0.0000	3
0	 0.0000	3
0	 0.0000	3
0	 0.0000	3
0	 0.0000	3
0	 0.0000	3
0	 0.0010	3
0	 0.0000	3
0	 0.0000	3
0	 0.0000	3
0	 0.0000	3
0	 0.0000	3
0	 0.0000	3
0	 0.0000	3
0	 0.0000	3
0	 0.0000	3
0	 0.0000	3
0	 0.0000	3
0	 0.0000	3
0	 0.0000	3
0	 0.0000	3
0	 0.0000	3
0	 0.0000	3
0	 0.0000	3
0	 0.0000	3
0	 0.0000	3
0	 0.0000	3
0	 0.0000	3
0	 0.0000	3
0	 0.0000	3
0	 0.0000	3
0	 0.0000	3
0	 0.0000	3
0	 0.0000	3
0	 0.0000	3
0	 0.0000	3
0	 0.0000	3
0	 0.0000	3
0	 0.0000	3
0	 0.0000	3
0	 0.0000	3
0	 0.0000	3
0	 0.0000	3
0	 0.0000	3
0	 0.0000	3
0	 0.0000	3
0	 0.0000	3
0	 0.0000	3
0	 0.0000	3
0	 0.0000	3
0	 0.0000	3
0	 0.0000	3
0	 0.0000	3
0	 0.0000	3
0	 0.0000	3
0	 0.0000	3
0	 0.0000	3
0	 0.0000	3
0	 0.0000	3
0	 0.0000	3
0	 0.0000	3
0	 0.0000	3
0	 0.0000	3
0	 0.0000	3
0	 0.0000	3
0	 0.0000	3
0	 0.0000	3
0	 0.0000	3
0	 0.0000	3
0	 0.0000	3
0	 0.0000	3
0	 0.0000	3
0	 0.0000	3
0	 0.0000	3
0	 0.0000	3
0	 0.0000	3
0	 0.0000	3
0	 0.0000	3
0	 0.0000	3
0	 0.0000	3
0	 0.0000	3
0	 0.0000	3
0	 0.0000	3
0	 0.0000	3
0	 0.0000	3
0	 0.0000	3
0	 0.0000	3
0	 0.0000	3
0	 0.0000	3
0	 0.0000	3
0	 0.0000	3
0	 0.0000	3
20	 0.0150	3
20	 0.0150	3
20	 0.0150	3
20	 0.0150	3
20	 0.0160	3
20	 0.0160	3
20	 0.0160	3
20	 0.0160	3
20	 0.0160	3
20	 0.0160	3
20	 0.0160	3
20	 0.0150	3
20	 0.0150	3
20	 0.0160	3
20	 0.0150	3
20	 0.0160	3
20	 0.0160	3
20	 0.0160	3
20	 0.0160	3
20	 0.0160	3
20	 0.0160	3
20	 0.0150	3
20	 0.0160	3
20	 0.0150	3
20	 0.0150	3
20	 0.0160	3
20	 0.0150	3
20	 0.0160	3
20	 0.0160	3
20	 0.0150	3
20	 0.0160	3
20	 0.0160	3
20	 0.0160	3
20	 0.0150	3
20	 0.0160	3
20	 0.0160	3
20	 0.0160	3
20	 0.0160	3
20	 0.0160	3
20	 0.0160	3
20	 0.0150	3
20	 0.0150	3
20	 0.0160	3
20	 0.0160	3
20	 0.0160	3
20	 0.0160	3
20	 0.0160	3
20	 0.0160	3
20	 0.0150	3
20	 0.0150	3
20	 0.0150	3
20	 0.0150	3
20	 0.0160	3
20	 0.0150	3
20	 0.0150	3
20	 0.0160	3
20	 0.0160	3
20	 0.0160	3
20	 0.0150	3
20	 0.0160	3
20	 0.0160	3
20	 0.0090	3
20	 0.0160	3
20	 0.0160	3
20	 0.0150	3
20	 0.0160	3
20	 0.0140	3
20	 0.0130	3
20	 0.0150	3
20	 0.0160	3
20	 0.0160	3
20	 0.0150	3
20	 0.0160	3
20	 0.0150	3
20	 0.0150	3
20	 0.0160	3
20	 0.0160	3
20	 0.0160	3
20	 0.0160	3
20	 0.0150	3
20	 0.0150	3
20	 0.0160	3
20	 0.0150	3
20	 0.0160	3
20	 0.0160	3
20	 0.0160	3
20	 0.0160	3
20	 0.0160	3
20	 0.0160	3
20	 0.0160	3
20	 0.0160	3
20	 0.0150	3
20	 0.0160	3
20	 0.0150	3
20	 0.0150	3
20	 0.0160	3
20	 0.0160	3
20	 0.0160	3
20	 0.0160	3
20	 0.0160	3
20	 0.0160	3
20	 0.0160	3
20	 0.0160	3
20	 0.0150	3
20	 0.0160	3
20	 0.0160	3
20	 0.0160	3
20	 0.0150	3
20	 0.0150	3
20	 0.0150	3
20	 0.0160	3
20	 0.0160	3
20	 0.0160	3
20	 0.0150	3
20	 0.0160	3
20	 0.0150	3
20	 0.0150	3
20	 0.0160	3
20	 0.0160	3
20	 0.0160	3
20	 0.0160	3
20	 0.0160	3
20	 0.0160	3
20	 0.0160	3
20	 0.0150	3
20	 0.0160	3
20	 0.0150	3
20	 0.0160	3
20	 0.0160	3
20	 0.0160	3
20	 0.0150	3
20	 0.0160	3
20	 0.0160	3
20	 0.0160	3
20	 0.0160	3
20	 0.0160	3
20	 0.0160	3
20	 0.0160	3
30	 0.0270	3
30	 0.0270	3
30	 0.0270	3
30	 0.0270	3
30	 0.0280	3
30	 0.0280	3
30	 0.0280	3
30	 0.0280	3
30	 0.0280	3
30	 0.0270	3
30	 0.0280	3
30	 0.0280	3
30	 0.0270	3
30	 0.0280	3
30	 0.0270	3
30	 0.0270	3
30	 0.0270	3
30	 0.0280	3
30	 0.0280	3
30	 0.0280	3
30	 0.0280	3
30	 0.0270	3
30	 0.0280	3
30	 0.0270	3
30	 0.0280	3
30	 0.0280	3
30	 0.0270	3
30	 0.0280	3
30	 0.0280	3
30	 0.0270	3
30	 0.0280	3
30	 0.0270	3
30	 0.0280	3
30	 0.0280	3
30	 0.0270	3
30	 0.0270	3
30	 0.0280	3
30	 0.0280	3
30	 0.0280	3
30	 0.0270	3
30	 0.0280	3
30	 0.0280	3
30	 0.0280	3
30	 0.0280	3
30	 0.0280	3
30	 0.0280	3
30	 0.0280	3
30	 0.0280	3
30	 0.0280	3
30	 0.0270	3
30	 0.0270	3
30	 0.0270	3
30	 0.0280	3
30	 0.0270	3
30	 0.0270	3
30	 0.0270	3
30	 0.0280	3
30	 0.0280	3
30	 0.0270	3
30	 0.0280	3
30	 0.0280	3
30	 0.0200	3
30	 0.0280	3
30	 0.0280	3
30	 0.0270	3
30	 0.0280	3
30	 0.0260	3
30	 0.0250	3
30	 0.0280	3
30	 0.0270	3
30	 0.0270	3
30	 0.0270	3
30	 0.0280	3
30	 0.0270	3
30	 0.0270	3
30	 0.0280	3
30	 0.0270	3
30	 0.0280	3
30	 0.0280	3
30	 0.0270	3
30	 0.0270	3
30	 0.0280	3
30	 0.0280	3
30	 0.0280	3
30	 0.0280	3
30	 0.0280	3
30	 0.0280	3
30	 0.0280	3
30	 0.0270	3
30	 0.0280	3
30	 0.0280	3
30	 0.0280	3
30	 0.0280	3
30	 0.0270	3
30	 0.0270	3
30	 0.0280	3
30	 0.0280	3
30	 0.0270	3
30	 0.0280	3
30	 0.0280	3
30	 0.0280	3
30	 0.0280	3
30	 0.0270	3
30	 0.0270	3
30	 0.0280	3
30	 0.0280	3
30	 0.0280	3
30	 0.0270	3
30	 0.0270	3
30	 0.0270	3
30	 0.0280	3
30	 0.0280	3
30	 0.0280	3
30	 0.0280	3
30	 0.0280	3
30	 0.0270	3
30	 0.0270	3
30	 0.0280	3
30	 0.0280	3
30	 0.0270	3
30	 0.0280	3
30	 0.0270	3
30	 0.0280	3
30	 0.0280	3
30	 0.0280	3
30	 0.0280	3
30	 0.0280	3
30	 0.0280	3
30	 0.0280	3
30	 0.0280	3
30	 0.0280	3
30	 0.0280	3
30	 0.0270	3
30	 0.0280	3
30	 0.0270	3
30	 0.0280	3
30	 0.0280	3
30	 0.0280	3
60	 0.0633	3
60	 0.0635	3
60	 0.0633	3
60	 0.0633	3
60	 0.0636	3
60	 0.0635	3
60	 0.0635	3
60	 0.0636	3
60	 0.0633	3
60	 0.0632	3
60	 0.0634	3
60	 0.0635	3
60	 0.0631	3
60	 0.0634	3
60	 0.0625	3
60	 0.0634	3
60	 0.0633	3
60	 0.0632	3
60	 0.0633	3
60	 0.0635	3
60	 0.0633	3
60	 0.0634	3
60	 0.0633	3
60	 0.0635	3
60	 0.0633	3
60	 0.0635	3
60	 0.0634	3
60	 0.0633	3
60	 0.0633	3
60	 0.0633	3
60	 0.0635	3
60	 0.0633	3
60	 0.0635	3
60	 0.0635	3
60	 0.0632	3
60	 0.0635	3
60	 0.0635	3
60	 0.0622	3
60	 0.0636	3
60	 0.0633	3
60	 0.0633	3
60	 0.0633	3
60	 0.0634	3
60	 0.0633	3
60	 0.0634	3
60	 0.0632	3
60	 0.0635	3
60	 0.0635	3
60	 0.0634	3
60	 0.0632	3
60	 0.0613	3
60	 0.0630	3
60	 0.0635	3
60	 0.0633	3
60	 0.0635	3
60	 0.0634	3
60	 0.0644	3
60	 0.0633	3
60	 0.0635	3
60	 0.0623	3
60	 0.0634	3
60	 0.0561	3
60	 0.0633	3
60	 0.0634	3
60	 0.0631	3
60	 0.0632	3
60	 0.0625	3
60	 0.0622	3
60	 0.0633	3
60	 0.0634	3
60	 0.0633	3
60	 0.0630	3
60	 0.0632	3
60	 0.0629	3
60	 0.0631	3
60	 0.0635	3
60	 0.0636	3
60	 0.0635	3
60	 0.0635	3
60	 0.0630	3
60	 0.0632	3
60	 0.0635	3
60	 0.0632	3
60	 0.0634	3
60	 0.0634	3
60	 0.0633	3
60	 0.0635	3
60	 0.0633	3
60	 0.0633	3
60	 0.0634	3
60	 0.0633	3
60	 0.0633	3
60	 0.0635	3
60	 0.0634	3
60	 0.0635	3
60	 0.0635	3
60	 0.0634	3
60	 0.0635	3
60	 0.0636	3
60	 0.0635	3
60	 0.0635	3
60	 0.0633	3
60	 0.0634	3
60	 0.0636	3
60	 0.0636	3
60	 0.0634	3
60	 0.0635	3
60	 0.0631	3
60	 0.0615	3
60	 0.0631	3
60	 0.0635	3
60	 0.0633	3
60	 0.0633	3
60	 0.0635	3
60	 0.0635	3
60	 0.0639	3
60	 0.0635	3
60	 0.0633	3
60	 0.0634	3
60	 0.0634	3
60	 0.0632	3
60	 0.0635	3
60	 0.0633	3
60	 0.0636	3
60	 0.0633	3
60	 0.0632	3
60	 0.0633	3
60	 0.0636	3
60	 0.0634	3
60	 0.0634	3
60	 0.0634	3
60	 0.0633	3
60	 0.0634	3
60	 0.0635	3
60	 0.0633	3
60	 0.0634	3
60	 0.0633	3
60	 0.0634	3
80	 0.0849	3
80	 0.0850	3
80	 0.0845	3
80	 0.0848	3
80	 0.0848	3
80	 0.0845	3
80	 0.0848	3
80	 0.0845	3
80	 0.0846	3
80	 0.0848	3
80	 0.0849	3
80	 0.0847	3
80	 0.0846	3
80	 0.0849	3
80	 0.0841	3
80	 0.0846	3
80	 0.0849	3
80	 0.0846	3
80	 0.0847	3
80	 0.0845	3
80	 0.0849	3
80	 0.0849	3
80	 0.0849	3
80	 0.0847	3
80	 0.0847	3
80	 0.0848	3
80	 0.0846	3
80	 0.0847	3
80	 0.0848	3
80	 0.0847	3
80	 0.0848	3
80	 0.0849	3
80	 0.0848	3
80	 0.0847	3
80	 0.0849	3
80	 0.0849	3
80	 0.0849	3
80	 0.0845	3
80	 0.0845	3
80	 0.0848	3
80	 0.0846	3
80	 0.0849	3
80	 0.0848	3
80	 0.0845	3
80	 0.0849	3
80	 0.0848	3
80	 0.0856	3
80	 0.0849	3
80	 0.0848	3
80	 0.0846	3
80	 0.0845	3
80	 0.0844	3
80	 0.0845	3
80	 0.0847	3
80	 0.0849	3
80	 0.0846	3
80	 0.0848	3
80	 0.0851	3
80	 0.0849	3
80	 0.0846	3
80	 0.0848	3
80	 0.0784	3
80	 0.0847	3
80	 0.0848	3
80	 0.0845	3
80	 0.0848	3
80	 0.0832	3
80	 0.0835	3
80	 0.0845	3
80	 0.0846	3
80	 0.0848	3
80	 0.0846	3
80	 0.0850	3
80	 0.0845	3
80	 0.0846	3
80	 0.0848	3
80	 0.0850	3
80	 0.0848	3
80	 0.0850	3
80	 0.0845	3
80	 0.0846	3
80	 0.0848	3
80	 0.0849	3
80	 0.0847	3
80	 0.0848	3
80	 0.0849	3
80	 0.0848	3
80	 0.0846	3
80	 0.0846	3
80	 0.0849	3
80	 0.0846	3
80	 0.0848	3
80	 0.0849	3
80	 0.0847	3
80	 0.0847	3
80	 0.0847	3
80	 0.0847	3
80	 0.0849	3
80	 0.0848	3
80	 0.0849	3
80	 0.0842	3
80	 0.0846	3
80	 0.0849	3
80	 0.0850	3
80	 0.0849	3
80	 0.0849	3
80	 0.0848	3
80	 0.0846	3
80	 0.0845	3
80	 0.0846	3
80	 0.0847	3
80	 0.0849	3
80	 0.0847	3
80	 0.0846	3
80	 0.0848	3
80	 0.0849	3
80	 0.0849	3
80	 0.0847	3
80	 0.0847	3
80	 0.0849	3
80	 0.0851	3
80	 0.0848	3
80	 0.0850	3
80	 0.0848	3
80	 0.0846	3
80	 0.0850	3
80	 0.0849	3
80	 0.0846	3
80	 0.0850	3
80	 0.0845	3
80	 0.0848	3
80	 0.0845	3
80	 0.0849	3
80	 0.0848	3
80	 0.0848	3
80	 0.0845	3
80	 0.0847	3
80	 0.0848	3
90	 0.0941	3
90	 0.0943	3
90	 0.0944	3
90	 0.0944	3
90	 0.0941	3
90	 0.0942	3
90	 0.0943	3
90	 0.0942	3
90	 0.0941	3
90	 0.0940	3
90	 0.0943	3
90	 0.0943	3
90	 0.0944	3
90	 0.0943	3
90	 0.0940	3
90	 0.0945	3
90	 0.0941	3
90	 0.0941	3
90	 0.0943	3
90	 0.0943	3
90	 0.0944	3
90	 0.0942	3
90	 0.0944	3
90	 0.0943	3
90	 0.0943	3
90	 0.0944	3
90	 0.0943	3
90	 0.0943	3
90	 0.0940	3
90	 0.0942	3
90	 0.0943	3
90	 0.0942	3
90	 0.0938	3
90	 0.0943	3
90	 0.0941	3
90	 0.0943	3
90	 0.0943	3
90	 0.0942	3
90	 0.0942	3
90	 0.0941	3
90	 0.0943	3
90	 0.0938	3
90	 0.0941	3
90	 0.0943	3
90	 0.0941	3
90	 0.0943	3
90	 0.0944	3
90	 0.0942	3
90	 0.0942	3
90	 0.0943	3
90	 0.0941	3
90	 0.0943	3
90	 0.0943	3
90	 0.0943	3
90	 0.0943	3
90	 0.0944	3
90	 0.0943	3
90	 0.0943	3
90	 0.0942	3
90	 0.0942	3
90	 0.0942	3
90	 0.0917	3
90	 0.0939	3
90	 0.0942	3
90	 0.0944	3
90	 0.0944	3
90	 0.0936	3
90	 0.0935	3
90	 0.0943	3
90	 0.0944	3
90	 0.0939	3
90	 0.0943	3
90	 0.0942	3
90	 0.0943	3
90	 0.0942	3
90	 0.0943	3
90	 0.0943	3
90	 0.0943	3
90	 0.0943	3
90	 0.0943	3
90	 0.0942	3
90	 0.0940	3
90	 0.0938	3
90	 0.0940	3
90	 0.0943	3
90	 0.0943	3
90	 0.0941	3
90	 0.0941	3
90	 0.0943	3
90	 0.0944	3
90	 0.0942	3
90	 0.0944	3
90	 0.0944	3
90	 0.0944	3
90	 0.0942	3
90	 0.0943	3
90	 0.0943	3
90	 0.0942	3
90	 0.0941	3
90	 0.0942	3
90	 0.0943	3
90	 0.0943	3
90	 0.0942	3
90	 0.0941	3
90	 0.0942	3
90	 0.0943	3
90	 0.0944	3
90	 0.0943	3
90	 0.0942	3
90	 0.0944	3
90	 0.0943	3
90	 0.0940	3
90	 0.0943	3
90	 0.0943	3
90	 0.0943	3
90	 0.0942	3
90	 0.0940	3
90	 0.0943	3
90	 0.0943	3
90	 0.0943	3
90	 0.0944	3
90	 0.0942	3
90	 0.0939	3
90	 0.0942	3
90	 0.0942	3
90	 0.0943	3
90	 0.0941	3
90	 0.0943	3
90	 0.0943	3
90	 0.0943	3
90	 0.0942	3
90	 0.0943	3
90	 0.0942	3
90	 0.0944	3
90	 0.0941	3
90	 0.0942	3
90	 0.0943	3
90	 0.0943	3
100	 0.1024	3
100	 0.1026	3
100	 0.1021	3
100	 0.1020	3
100	 0.1020	3
100	 0.1022	3
100	 0.1021	3
100	 0.1018	3
100	 0.1020	3
100	 0.1020	3
100	 0.1020	3
100	 0.1020	3
100	 0.1033	3
100	 0.1023	3
100	 0.1030	3
100	 0.1029	3
100	 0.1023	3
100	 0.1021	3
100	 0.1020	3
100	 0.1021	3
100	 0.1023	3
100	 0.1021	3
100	 0.1021	3
100	 0.1025	3
100	 0.1023	3
100	 0.1023	3
100	 0.1023	3
100	 0.1024	3
100	 0.1018	3
100	 0.1026	3
100	 0.1020	3
100	 0.1020	3
100	 0.1023	3
100	 0.1025	3
100	 0.1020	3
100	 0.1021	3
100	 0.1022	3
100	 0.1020	3
100	 0.1020	3
100	 0.1021	3
100	 0.1019	3
100	 0.1023	3
100	 0.1027	3
100	 0.1024	3
100	 0.1024	3
100	 0.1025	3
100	 0.1021	3
100	 0.1022	3
100	 0.1021	3
100	 0.1034	3
100	 0.1031	3
100	 0.1033	3
100	 0.1019	3
100	 0.1028	3
100	 0.1022	3
100	 0.1029	3
100	 0.1024	3
100	 0.1022	3
100	 0.1024	3
100	 0.1021	3
100	 0.1020	3
100	 0.0981	3
100	 0.1020	3
100	 0.1021	3
100	 0.1034	3
100	 0.1025	3
100	 0.1029	3
100	 0.1028	3
100	 0.1020	3
100	 0.1029	3
100	 0.1025	3
100	 0.1034	3
100	 0.1019	3
100	 0.1033	3
100	 0.1031	3
100	 0.1022	3
100	 0.1025	3
100	 0.1018	3
100	 0.1026	3
100	 0.1033	3
100	 0.1028	3
100	 0.1025	3
100	 0.1024	3
100	 0.1023	3
100	 0.1025	3
100	 0.1024	3
100	 0.1025	3
100	 0.1019	3
100	 0.1028	3
100	 0.1020	3
100	 0.1024	3
100	 0.1012	3
100	 0.1026	3
100	 0.1026	3
100	 0.1023	3
100	 0.1020	3
100	 0.1022	3
100	 0.1010	3
100	 0.1025	3
100	 0.1025	3
100	 0.1023	3
100	 0.1025	3
100	 0.1020	3
100	 0.1026	3
100	 0.1023	3
100	 0.1024	3
100	 0.1022	3
100	 0.1033	3
100	 0.1032	3
100	 0.1034	3
100	 0.1019	3
100	 0.1017	3
100	 0.1025	3
100	 0.1025	3
100	 0.1024	3
100	 0.1023	3
100	 0.1028	3
100	 0.1010	3
100	 0.1019	3
100	 0.1021	3
100	 0.1019	3
100	 0.1021	3
100	 0.1020	3
100	 0.1020	3
100	 0.1018	3
100	 0.1020	3
100	 0.1023	3
100	 0.1022	3
100	 0.1025	3
100	 0.1021	3
100	 0.1023	3
100	 0.1027	3
100	 0.1020	3
100	 0.1023	3
100	 0.1021	3
100	 0.1024	3
100	 0.1022	3
100	 0.1020	3
0	 0.0010	4
0	 0.0000	4
0	 0.0010	4
0	 0.0000	4
0	 0.0000	4
0	 0.0000	4
0	 0.0010	4
0	 0.0000	4
0	 0.0010	4
0	 0.0000	4
0	 0.0000	4
0	 0.0010	4
0	 0.0000	4
0	 0.0000	4
0	 0.0000	4
0	 0.0000	4
0	 0.0010	4
0	 0.0010	4
0	 0.0010	4
0	 0.0000	4
0	 0.0000	4
0	 0.0010	4
0	 0.0010	4
0	 0.0010	4
0	 0.0010	4
0	 0.0010	4
0	 0.0010	4
0	 0.0010	4
0	 0.0010	4
0	 0.0020	4
0	 0.0000	4
0	 0.0000	4
0	 0.0000	4
0	 0.0010	4
0	 0.0010	4
0	 0.0000	4
0	 0.0010	4
0	 0.0000	4
0	 0.0000	4
0	 0.0000	4
0	 0.0010	4
0	 0.0000	4
0	 0.0010	4
0	 0.0000	4
0	 0.0010	4
0	 0.0000	4
0	 0.0010	4
0	 0.0000	4
0	 0.0010	4
0	 0.0000	4
0	 0.0000	4
0	 0.0000	4
0	 0.0010	4
0	 0.0000	4
0	 0.0000	4
0	 0.0000	4
0	 0.0010	4
0	 0.0000	4
0	 0.0000	4
0	 0.0010	4
0	 0.0000	4
0	 0.0000	4
0	 0.0010	4
0	 0.0000	4
0	 0.0000	4
0	 0.0000	4
0	 0.0000	4
0	 0.0000	4
0	 0.0010	4
0	 0.0000	4
0	 0.0010	4
0	 0.0000	4
0	 0.0000	4
0	 0.0000	4
0	 0.0000	4
0	 0.0000	4
0	 0.0000	4
0	 0.0000	4
0	 0.0010	4
0	 0.0000	4
0	 0.0020	4
0	 0.0000	4
0	 0.0000	4
0	 0.0010	4
0	 0.0010	4
0	 0.0010	4
0	 0.0010	4
0	 0.0000	4
0	 0.0000	4
0	 0.0010	4
0	 0.0000	4
0	 0.0010	4
0	 0.0010	4
0	 0.0010	4
0	 0.0010	4
0	 0.0010	4
0	 0.0010	4
0	 0.0010	4
0	 0.0010	4
0	 0.0010	4
0	 0.0010	4
0	 0.0010	4
0	 0.0010	4
0	 0.0010	4
0	 0.0000	4
0	 0.0010	4
0	 0.0010	4
0	 0.0010	4
0	 0.0000	4
0	 0.0010	4
0	 0.0010	4
0	 0.0000	4
0	 0.0000	4
0	 0.0010	4
0	 0.0010	4
0	 0.0010	4
0	 0.0000	4
0	 0.0010	4
0	 0.0000	4
0	 0.0000	4
0	 0.0000	4
0	 0.0010	4
0	 0.0000	4
0	 0.0000	4
0	 0.0010	4
0	 0.0000	4
0	 0.0010	4
0	 0.0000	4
0	 0.0010	4
0	 0.0000	4
0	 0.0010	4
0	 0.0000	4
0	 0.0000	4
0	 0.0000	4
0	 0.0010	4
0	 0.0010	4
0	 0.0010	4
0	 0.0000	4
20	 0.0130	4
20	 0.0130	4
20	 0.0120	4
20	 0.0130	4
20	 0.0120	4
20	 0.0140	4
20	 0.0120	4
20	 0.0120	4
20	 0.0120	4
20	 0.0120	4
20	 0.0140	4
20	 0.0120	4
20	 0.0120	4
20	 0.0140	4
20	 0.0130	4
20	 0.0140	4
20	 0.0140	4
20	 0.0120	4
20	 0.0120	4
20	 0.0140	4
20	 0.0130	4
20	 0.0130	4
20	 0.0120	4
20	 0.0130	4
20	 0.0120	4
20	 0.0120	4
20	 0.0120	4
20	 0.0120	4
20	 0.0120	4
20	 0.0130	4
20	 0.0120	4
20	 0.0130	4
20	 0.0120	4
20	 0.0120	4
20	 0.0130	4
20	 0.0130	4
20	 0.0120	4
20	 0.0120	4
20	 0.0120	4
20	 0.0120	4
20	 0.0130	4
20	 0.0120	4
20	 0.0120	4
20	 0.0140	4
20	 0.0140	4
20	 0.0130	4
20	 0.0120	4
20	 0.0140	4
20	 0.0120	4
20	 0.0130	4
20	 0.0130	4
20	 0.0130	4
20	 0.0120	4
20	 0.0130	4
20	 0.0130	4
20	 0.0140	4
20	 0.0120	4
20	 0.0140	4
20	 0.0130	4
20	 0.0120	4
20	 0.0140	4
20	 0.0080	4
20	 0.0130	4
20	 0.0140	4
20	 0.0130	4
20	 0.0130	4
20	 0.0130	4
20	 0.0100	4
20	 0.0130	4
20	 0.0140	4
20	 0.0120	4
20	 0.0130	4
20	 0.0140	4
20	 0.0130	4
20	 0.0130	4
20	 0.0140	4
20	 0.0130	4
20	 0.0120	4
20	 0.0120	4
20	 0.0130	4
20	 0.0130	4
20	 0.0140	4
20	 0.0120	4
20	 0.0140	4
20	 0.0120	4
20	 0.0120	4
20	 0.0120	4
20	 0.0130	4
20	 0.0130	4
20	 0.0120	4
20	 0.0120	4
20	 0.0120	4
20	 0.0120	4
20	 0.0140	4
20	 0.0130	4
20	 0.0120	4
20	 0.0120	4
20	 0.0130	4
20	 0.0140	4
20	 0.0140	4
20	 0.0120	4
20	 0.0120	4
20	 0.0130	4
20	 0.0130	4
20	 0.0140	4
20	 0.0120	4
20	 0.0120	4
20	 0.0130	4
20	 0.0130	4
20	 0.0130	4
20	 0.0120	4
20	 0.0120	4
20	 0.0140	4
20	 0.0120	4
20	 0.0120	4
20	 0.0130	4
20	 0.0130	4
20	 0.0120	4
20	 0.0120	4
20	 0.0130	4
20	 0.0140	4
20	 0.0130	4
20	 0.0120	4
20	 0.0120	4
20	 0.0130	4
20	 0.0140	4
20	 0.0120	4
20	 0.0140	4
20	 0.0120	4
20	 0.0140	4
20	 0.0120	4
20	 0.0140	4
20	 0.0130	4
20	 0.0140	4
20	 0.0130	4
20	 0.0120	4
20	 0.0120	4
20	 0.0130	4
30	 0.0210	4
30	 0.0220	4
30	 0.0210	4
30	 0.0210	4
30	 0.0210	4
30	 0.0210	4
30	 0.0210	4
30	 0.0210	4
30	 0.0210	4
30	 0.0210	4
30	 0.0210	4
30	 0.0210	4
30	 0.0210	4
30	 0.0210	4
30	 0.0210	4
30	 0.0210	4
30	 0.0210	4
30	 0.0210	4
30	 0.0210	4
30	 0.0210	4
30	 0.0210	4
30	 0.0210	4
30	 0.0210	4
30	 0.0210	4
30	 0.0210	4
30	 0.0210	4
30	 0.0210	4
30	 0.0210	4
30	 0.0210	4
30	 0.0210	4
30	 0.0210	4
30	 0.0210	4
30	 0.0210	4
30	 0.0210	4
30	 0.0210	4
30	 0.0210	4
30	 0.0210	4
30	 0.0210	4
30	 0.0210	4
30	 0.0220	4
30	 0.0210	4
30	 0.0210	4
30	 0.0210	4
30	 0.0210	4
30	 0.0210	4
30	 0.0210	4
30	 0.0210	4
30	 0.0210	4
30	 0.0210	4
30	 0.0210	4
30	 0.0210	4
30	 0.0210	4
30	 0.0210	4
30	 0.0210	4
30	 0.0210	4
30	 0.0220	4
30	 0.0210	4
30	 0.0210	4
30	 0.0220	4
30	 0.0210	4
30	 0.0210	4
30	 0.0180	4
30	 0.0220	4
30	 0.0210	4
30	 0.0210	4
30	 0.0210	4
30	 0.0210	4
30	 0.0210	4
30	 0.0210	4
30	 0.0210	4
30	 0.0210	4
30	 0.0210	4
30	 0.0210	4
30	 0.0210	4
30	 0.0210	4
30	 0.0210	4
30	 0.0210	4
30	 0.0210	4
30	 0.0210	4
30	 0.0210	4
30	 0.0210	4
30	 0.0210	4
30	 0.0210	4
30	 0.0210	4
30	 0.0210	4
30	 0.0210	4
30	 0.0210	4
30	 0.0210	4
30	 0.0210	4
30	 0.0210	4
30	 0.0210	4
30	 0.0210	4
30	 0.0210	4
30	 0.0210	4
30	 0.0210	4
30	 0.0210	4
30	 0.0210	4
30	 0.0210	4
30	 0.0210	4
30	 0.0210	4
30	 0.0210	4
30	 0.0210	4
30	 0.0210	4
30	 0.0210	4
30	 0.0210	4
30	 0.0210	4
30	 0.0210	4
30	 0.0210	4
30	 0.0210	4
30	 0.0210	4
30	 0.0210	4
30	 0.0210	4
30	 0.0210	4
30	 0.0210	4
30	 0.0210	4
30	 0.0210	4
30	 0.0210	4
30	 0.0210	4
30	 0.0210	4
30	 0.0210	4
30	 0.0210	4
30	 0.0210	4
30	 0.0210	4
30	 0.0210	4
30	 0.0210	4
30	 0.0210	4
30	 0.0210	4
30	 0.0210	4
30	 0.0210	4
30	 0.0210	4
30	 0.0210	4
30	 0.0210	4
30	 0.0210	4
30	 0.0210	4
30	 0.0220	4
30	 0.0210	4
30	 0.0210	4
30	 0.0210	4
60	 0.0520	4
60	 0.0520	4
60	 0.0520	4
60	 0.0520	4
60	 0.0520	4
60	 0.0510	4
60	 0.0520	4
60	 0.0520	4
60	 0.0520	4
60	 0.0510	4
60	 0.0520	4
60	 0.0520	4
60	 0.0510	4
60	 0.0510	4
60	 0.0510	4
60	 0.0520	4
60	 0.0520	4
60	 0.0520	4
60	 0.0520	4
60	 0.0520	4
60	 0.0520	4
60	 0.0520	4
60	 0.0520	4
60	 0.0520	4
60	 0.0520	4
60	 0.0520	4
60	 0.0520	4
60	 0.0520	4
60	 0.0520	4
60	 0.0520	4
60	 0.0520	4
60	 0.0520	4
60	 0.0520	4
60	 0.0520	4
60	 0.0520	4
60	 0.0520	4
60	 0.0520	4
60	 0.0520	4
60	 0.0520	4
60	 0.0510	4
60	 0.0520	4
60	 0.0520	4
60	 0.0520	4
60	 0.0520	4
60	 0.0520	4
60	 0.0520	4
60	 0.0520	4
60	 0.0510	4
60	 0.0520	4
60	 0.0510	4
60	 0.0510	4
60	 0.0510	4
60	 0.0520	4
60	 0.0520	4
60	 0.0520	4
60	 0.0520	4
60	 0.0520	4
60	 0.0510	4
60	 0.0520	4
60	 0.0520	4
60	 0.0520	4
60	 0.0480	4
60	 0.0520	4
60	 0.0510	4
60	 0.0510	4
60	 0.0520	4
60	 0.0510	4
60	 0.0510	4
60	 0.0520	4
60	 0.0520	4
60	 0.0510	4
60	 0.0510	4
60	 0.0510	4
60	 0.0510	4
60	 0.0510	4
60	 0.0520	4
60	 0.0520	4
60	 0.0520	4
60	 0.0520	4
60	 0.0510	4
60	 0.0510	4
60	 0.0520	4
60	 0.0510	4
60	 0.0520	4
60	 0.0520	4
60	 0.0520	4
60	 0.0520	4
60	 0.0520	4
60	 0.0520	4
60	 0.0520	4
60	 0.0520	4
60	 0.0520	4
60	 0.0520	4
60	 0.0510	4
60	 0.0530	4
60	 0.0520	4
60	 0.0520	4
60	 0.0520	4
60	 0.0520	4
60	 0.0520	4
60	 0.0520	4
60	 0.0510	4
60	 0.0520	4
60	 0.0520	4
60	 0.0520	4
60	 0.0520	4
60	 0.0520	4
60	 0.0510	4
60	 0.0510	4
60	 0.0510	4
60	 0.0520	4
60	 0.0520	4
60	 0.0520	4
60	 0.0520	4
60	 0.0520	4
60	 0.0520	4
60	 0.0520	4
60	 0.0520	4
60	 0.0520	4
60	 0.0520	4
60	 0.0510	4
60	 0.0510	4
60	 0.0520	4
60	 0.0520	4
60	 0.0520	4
60	 0.0520	4
60	 0.0520	4
60	 0.0510	4
60	 0.0520	4
60	 0.0520	4
60	 0.0520	4
60	 0.0520	4
60	 0.0520	4
60	 0.0510	4
60	 0.0510	4
60	 0.0520	4
60	 0.0510	4
60	 0.0520	4
80	 0.0720	4
80	 0.0720	4
80	 0.0720	4
80	 0.0720	4
80	 0.0720	4
80	 0.0720	4
80	 0.0720	4
80	 0.0720	4
80	 0.0720	4
80	 0.0720	4
80	 0.0720	4
80	 0.0720	4
80	 0.0720	4
80	 0.0720	4
80	 0.0720	4
80	 0.0720	4
80	 0.0720	4
80	 0.0710	4
80	 0.0720	4
80	 0.0720	4
80	 0.0720	4
80	 0.0720	4
80	 0.0720	4
80	 0.0710	4
80	 0.0720	4
80	 0.0720	4
80	 0.0720	4
80	 0.0720	4
80	 0.0720	4
80	 0.0720	4
80	 0.0720	4
80	 0.0720	4
80	 0.0720	4
80	 0.0720	4
80	 0.0720	4
80	 0.0720	4
80	 0.0720	4
80	 0.0720	4
80	 0.0720	4
80	 0.0720	4
80	 0.0720	4
80	 0.0720	4
80	 0.0720	4
80	 0.0720	4
80	 0.0720	4
80	 0.0720	4
80	 0.0720	4
80	 0.0720	4
80	 0.0720	4
80	 0.0720	4
80	 0.0720	4
80	 0.0720	4
80	 0.0720	4
80	 0.0720	4
80	 0.0720	4
80	 0.0720	4
80	 0.0720	4
80	 0.0720	4
80	 0.0720	4
80	 0.0720	4
80	 0.0720	4
80	 0.0660	4
80	 0.0720	4
80	 0.0720	4
80	 0.0720	4
80	 0.0720	4
80	 0.0710	4
80	 0.0710	4
80	 0.0720	4
80	 0.0720	4
80	 0.0720	4
80	 0.0720	4
80	 0.0720	4
80	 0.0720	4
80	 0.0720	4
80	 0.0720	4
80	 0.0720	4
80	 0.0720	4
80	 0.0720	4
80	 0.0720	4
80	 0.0720	4
80	 0.0720	4
80	 0.0720	4
80	 0.0720	4
80	 0.0720	4
80	 0.0720	4
80	 0.0720	4
80	 0.0720	4
80	 0.0720	4
80	 0.0720	4
80	 0.0720	4
80	 0.0720	4
80	 0.0720	4
80	 0.0720	4
80	 0.0720	4
80	 0.0720	4
80	 0.0720	4
80	 0.0720	4
80	 0.0720	4
80	 0.0720	4
80	 0.0720	4
80	 0.0720	4
80	 0.0720	4
80	 0.0720	4
80	 0.0720	4
80	 0.0720	4
80	 0.0720	4
80	 0.0720	4
80	 0.0720	4
80	 0.0720	4
80	 0.0720	4
80	 0.0720	4
80	 0.0720	4
80	 0.0720	4
80	 0.0720	4
80	 0.0720	4
80	 0.0720	4
80	 0.0720	4
80	 0.0720	4
80	 0.0720	4
80	 0.0720	4
80	 0.0720	4
80	 0.0720	4
80	 0.0720	4
80	 0.0720	4
80	 0.0720	4
80	 0.0720	4
80	 0.0720	4
80	 0.0720	4
80	 0.0720	4
80	 0.0720	4
80	 0.0720	4
80	 0.0720	4
80	 0.0720	4
80	 0.0720	4
80	 0.0720	4
80	 0.0720	4
80	 0.0720	4
90	 0.0820	4
90	 0.0820	4
90	 0.0820	4
90	 0.0820	4
90	 0.0820	4
90	 0.0820	4
90	 0.0830	4
90	 0.0820	4
90	 0.0820	4
90	 0.0830	4
90	 0.0820	4
90	 0.0820	4
90	 0.0820	4
90	 0.0820	4
90	 0.0810	4
90	 0.0820	4
90	 0.0820	4
90	 0.0820	4
90	 0.0820	4
90	 0.0820	4
90	 0.0820	4
90	 0.0820	4
90	 0.0820	4
90	 0.0820	4
90	 0.0820	4
90	 0.0820	4
90	 0.0820	4
90	 0.0820	4
90	 0.0820	4
90	 0.0820	4
90	 0.0820	4
90	 0.0820	4
90	 0.0820	4
90	 0.0820	4
90	 0.0820	4
90	 0.0820	4
90	 0.0820	4
90	 0.0820	4
90	 0.0820	4
90	 0.0820	4
90	 0.0820	4
90	 0.0820	4
90	 0.0820	4
90	 0.0820	4
90	 0.0820	4
90	 0.0820	4
90	 0.0820	4
90	 0.0820	4
90	 0.0820	4
90	 0.0820	4
90	 0.0820	4
90	 0.0820	4
90	 0.0820	4
90	 0.0820	4
90	 0.0820	4
90	 0.0820	4
90	 0.0820	4
90	 0.0820	4
90	 0.0820	4
90	 0.0820	4
90	 0.0820	4
90	 0.0760	4
90	 0.0820	4
90	 0.0820	4
90	 0.0820	4
90	 0.0820	4
90	 0.0810	4
90	 0.0810	4
90	 0.0820	4
90	 0.0820	4
90	 0.0830	4
90	 0.0820	4
90	 0.0820	4
90	 0.0820	4
90	 0.0820	4
90	 0.0820	4
90	 0.0820	4
90	 0.0820	4
90	 0.0820	4
90	 0.0810	4
90	 0.0820	4
90	 0.0820	4
90	 0.0820	4
90	 0.0820	4
90	 0.0820	4
90	 0.0820	4
90	 0.0820	4
90	 0.0820	4
90	 0.0820	4
90	 0.0820	4
90	 0.0820	4
90	 0.0820	4
90	 0.0820	4
90	 0.0820	4
90	 0.0820	4
90	 0.0820	4
90	 0.0820	4
90	 0.0820	4
90	 0.0820	4
90	 0.0820	4
90	 0.0810	4
90	 0.0820	4
90	 0.0820	4
90	 0.0820	4
90	 0.0820	4
90	 0.0820	4
90	 0.0820	4
90	 0.0820	4
90	 0.0810	4
90	 0.0820	4
90	 0.0820	4
90	 0.0820	4
90	 0.0820	4
90	 0.0820	4
90	 0.0820	4
90	 0.0820	4
90	 0.0820	4
90	 0.0820	4
90	 0.0820	4
90	 0.0820	4
90	 0.0820	4
90	 0.0820	4
90	 0.0820	4
90	 0.0820	4
90	 0.0820	4
90	 0.0820	4
90	 0.0820	4
90	 0.0820	4
90	 0.0820	4
90	 0.0820	4
90	 0.0820	4
90	 0.0820	4
90	 0.0820	4
90	 0.0820	4
90	 0.0820	4
90	 0.0820	4
90	 0.0820	4
90	 0.0820	4
100	 0.0910	4
100	 0.0910	4
100	 0.0910	4
100	 0.0910	4
100	 0.0910	4
100	 0.0910	4
100	 0.0910	4
100	 0.0910	4
100	 0.0910	4
100	 0.0910	4
100	 0.0910	4
100	 0.0910	4
100	 0.0910	4
100	 0.0910	4
100	 0.0900	4
100	 0.0910	4
100	 0.0910	4
100	 0.0910	4
100	 0.0910	4
100	 0.0910	4
100	 0.0910	4
100	 0.0910	4
100	 0.0910	4
100	 0.0910	4
100	 0.0920	4
100	 0.0910	4
100	 0.0910	4
100	 0.0910	4
100	 0.0910	4
100	 0.0910	4
100	 0.0910	4
100	 0.0910	4
100	 0.0910	4
100	 0.0910	4
100	 0.0910	4
100	 0.0910	4
100	 0.0910	4
100	 0.0910	4
100	 0.0910	4
100	 0.0910	4
100	 0.0910	4
100	 0.0910	4
100	 0.0910	4
100	 0.0910	4
100	 0.0910	4
100	 0.0910	4
100	 0.0910	4
100	 0.0910	4
100	 0.0910	4
100	 0.0910	4
100	 0.0910	4
100	 0.0910	4
100	 0.0910	4
100	 0.0910	4
100	 0.0920	4
100	 0.0910	4
100	 0.0910	4
100	 0.0910	4
100	 0.0910	4
100	 0.0910	4
100	 0.0910	4
100	 0.0850	4
100	 0.0910	4
100	 0.0910	4
100	 0.0910	4
100	 0.0910	4
100	 0.0900	4
100	 0.0900	4
100	 0.0910	4
100	 0.0910	4
100	 0.0910	4
100	 0.0910	4
100	 0.0910	4
100	 0.0910	4
100	 0.0910	4
100	 0.0910	4
100	 0.0910	4
100	 0.0910	4
100	 0.0920	4
100	 0.0910	4
100	 0.0910	4
100	 0.0910	4
100	 0.0910	4
100	 0.0910	4
100	 0.0910	4
100	 0.0910	4
100	 0.0910	4
100	 0.0910	4
100	 0.0910	4
100	 0.0910	4
100	 0.0910	4
100	 0.0910	4
100	 0.0910	4
100	 0.0910	4
100	 0.0910	4
100	 0.0910	4
100	 0.0910	4
100	 0.0910	4
100	 0.0910	4
100	 0.0910	4
100	 0.0910	4
100	 0.0910	4
100	 0.0910	4
100	 0.0910	4
100	 0.0910	4
100	 0.0910	4
100	 0.0910	4
100	 0.0910	4
100	 0.0910	4
100	 0.0910	4
100	 0.0910	4
100	 0.0910	4
100	 0.0910	4
100	 0.0910	4
100	 0.0910	4
100	 0.0910	4
100	 0.0910	4
100	 0.0910	4
100	 0.0910	4
100	 0.0910	4
100	 0.0910	4
100	 0.0910	4
100	 0.0910	4
100	 0.0910	4
100	 0.0910	4
100	 0.0910	4
100	 0.0910	4
100	 0.0910	4
100	 0.0910	4
100	 0.0910	4
100	 0.0910	4
100	 0.0910	4
100	 0.0910	4
100	 0.0910	4
100	 0.0910	4
100	 0.0910	4
100	 0.0910	4
100	 0.0910	4
